2459338.3585185 0.92073 0.00306
2459338.3599769 0.92247 0.00310
2459338.3614699 0.93594 0.00312
2459338.3629282 0.92470 0.00315
2459338.3643750 0.93588 0.00300
2459338.3658912 0.92269 0.00300
2459338.3673495 0.92183 0.00291
2459338.3688426 0.92981 0.00291
2459338.3703009 0.92838 0.00287
2459338.3717477 0.92693 0.00285
2459338.3732060 0.93315 0.00277
2459338.3746528 0.91852 0.00278
2459338.3761111 0.92067 0.00277
2459338.3775579 0.92709 0.00268
2459338.3790162 0.92735 0.00269
2459338.3804630 0.93453 0.00266
2459338.3819560 0.92886 0.00266
2459338.3834144 0.92721 0.00263
2459338.3848727 0.91839 0.00258
2459338.3863194 0.91792 0.00252
2459338.3878125 0.91753 0.00253
2459338.3892708 0.92882 0.00261
2459338.3907176 0.92770 0.00256
2459338.3921759 0.93231 0.00248
2459338.3936227 0.93111 0.00246
2459338.3950810 0.92809 0.00243
2459338.3965741 0.93540 0.00247
2459338.3980671 0.92951 0.00242
2459338.3995139 0.93633 0.00245
2459338.4009722 0.93048 0.00239
2459338.4024306 0.93965 0.00243
2459338.4039468 0.94244 0.00235
2459338.4054398 0.95113 0.00234
2459338.4068866 0.95085 0.00233
2459338.4083796 0.94424 0.00232
2459338.4098380 0.94006 0.00231
2459338.4113079 0.94478 0.00229
2459338.4128009 0.95070 0.00225
2459338.4142593 0.94716 0.00225
2459338.4157176 0.94533 0.00224
2459338.4171644 0.95255 0.00223
2459338.4186227 0.95408 0.00225
2459338.4200694 0.95056 0.00222
2459338.4215278 0.94897 0.00223
2459338.4229745 0.95168 0.00219
2459338.4244329 0.95140 0.00222
2459338.4258912 0.95470 0.00224
2459338.4273380 0.95190 0.00224
2459338.4287963 0.95100 0.00215
2459338.4302546 0.95081 0.00218
2459338.4317014 0.94581 0.00217
2459338.4331597 0.95321 0.00211
2459338.4346065 0.95028 0.00217
2459338.4360995 0.95390 0.00212
2459338.4375926 0.94522 0.00209
2459338.4395255 0.95489 0.00209
2459338.4410185 0.95185 0.00211
2459338.4424769 0.94825 0.00210
2459338.4439699 0.94949 0.00209
2459338.4454167 0.95370 0.00208
2459338.4468750 0.95458 0.00210
2459338.4483681 0.95282 0.00207
2459338.4498611 0.95129 0.00207
2459338.4513310 0.94653 0.00202
2459338.4527894 0.93948 0.00201
2459338.4542824 0.94575 0.00200
2459338.4557755 0.94042 0.00202
2459338.4572338 0.93985 0.00202
2459338.4587153 0.93314 0.00205
2459338.4601736 0.92972 0.00198
2459338.4616319 0.93055 0.00199
2459338.4631250 0.93040 0.00200
2459338.4646065 0.92979 0.00196
2459338.4660648 0.93318 0.00200
2459338.4675579 0.93162 0.00197
2459338.4690046 0.93579 0.00195
2459338.4704630 0.93076 0.00200
2459338.4719097 0.93505 0.00198
2459338.4733681 0.92706 0.00194
2459338.4748495 0.92796 0.00193
2459338.4763079 0.93702 0.00194
2459338.4777546 0.93347 0.00195
2459338.4792130 0.93064 0.00193
2459338.4806597 0.92787 0.00187
2459338.4821181 0.93428 0.00196
2459338.4835764 0.93322 0.00197
2459338.4850231 0.92723 0.00196
2459338.4864815 0.92717 0.00195
2459338.4879282 0.93508 0.00192
2459338.4894213 0.93522 0.00193
2459338.4908796 0.92807 0.00190
2459338.4923264 0.92906 0.00188
2459338.4937847 0.93169 0.00190
2459338.4952431 0.93097 0.00191
2459338.4967245 0.92728 0.00191
2459338.4982523 0.93097 0.00194
2459338.4997454 0.93413 0.00189
2459338.5012384 0.93688 0.00190
2459338.5027315 0.92819 0.00189
2459338.5041782 0.93544 0.00187
2459338.5056481 0.93147 0.00190
2459338.5070949 0.92946 0.00186
2459338.5085532 0.93037 0.00191
2459338.5100000 0.93569 0.00187