2459380.4137731 0.99381 0.00183
2459380.4152662 0.99484 0.00180
2459380.4167593 0.99446 0.00182
2459380.4197801 0.99206 0.00182
2459380.4212269 0.99032 0.00179
2459380.4227083 0.99314 0.00180
2459380.4241667 0.99449 0.00179
2459380.4256250 0.99731 0.00177
2459380.4270718 0.99507 0.00175
2459380.4285301 0.99404 0.00175
2459380.4300116 0.99722 0.00176
2459380.4315046 0.99634 0.00176
2459380.4329514 0.99565 0.00176
2459380.4344329 0.99700 0.00174
2459380.4358912 0.99568 0.00171
2459380.4373843 0.99611 0.00172
2459380.4389005 1.00287 0.00172
2459380.4403588 1.00148 0.00172
2459380.4418519 1.00769 0.00176
2459380.4433102 1.00829 0.00172
2459380.4448032 1.00770 0.00174
2459380.4462963 1.00783 0.00173
2459380.4477546 1.00769 0.00173
2459380.4492708 1.00671 0.00174
2459380.4507639 1.01121 0.00173
2459380.4522569 1.00877 0.00173
2459380.4537731 1.00971 0.00174
2459380.4552662 1.01143 0.00175
2459380.4567593 1.00999 0.00173
2459380.4582407 1.01086 0.00175
2459380.4596991 1.01206 0.00171
2459380.4611806 1.01012 0.00174
2459380.4626273 1.01174 0.00174
2459380.4640856 1.01174 0.00169
2459380.4670949 1.01078 0.00173
2459380.4685880 1.01126 0.00173
2459380.4700810 1.00907 0.00171
2459380.4715741 1.01230 0.00169
2459380.4730556 1.01440 0.00174
2459380.4759954 1.00732 0.00169
2459380.4774769 1.01407 0.00169
2459380.4789352 1.01541 0.00172
2459380.4803819 1.00701 0.00171
2459380.4818981 1.01269 0.00171
2459380.4833565 1.00800 0.00173
2459380.4848380 1.01104 0.00172
2459380.4862963 1.01314 0.00172
2459380.4907523 1.00798 0.00171
2459380.4922106 1.00904 0.00171
2459380.4936690 1.00480 0.00171
2459380.4951157 1.00293 0.00172
2459380.4965741 1.00273 0.00170
2459380.4980208 1.00403 0.00170
2459380.4994792 0.99401 0.00169
2459380.5009375 0.99221 0.00168
2459380.5024190 0.99369 0.00170
2459380.5039468 0.99338 0.00170
2459380.5054398 0.99321 0.00167
2459380.5069329 0.99486 0.00171
2459380.5084259 0.99796 0.00168
2459380.5099190 0.99152 0.00172
2459380.5114120 0.99381 0.00172
2459380.5128935 0.99550 0.00169
2459380.5143866 0.99795 0.00171
2459380.5159144 0.99412 0.00169
2459380.5174074 0.99246 0.00168
2459380.5188542 0.99920 0.00174
2459380.5203125 0.99535 0.00170
2459380.5218287 0.99724 0.00173
2459380.5233218 0.99477 0.00170
2459380.5248148 0.99613 0.00170
2459380.5263079 0.99165 0.00173
2459380.5277662 1.00082 0.00175
2459380.5292824 1.00024 0.00173
2459380.5307755 0.99495 0.00169
2459380.5322685 0.99798 0.00173
2459380.5337847 0.99066 0.00172
2459380.5352778 0.99407 0.00173
2459380.5367593 0.99705 0.00176
2459380.5382755 0.99117 0.00173
2459380.5398032 0.99874 0.00170
2459380.5412500 0.99459 0.00172
2459380.5427083 0.99477 0.00170
2459380.5442014 0.99840 0.00175
2459380.5456481 0.99556 0.00175