2.459467300842904951e+06 1.376348106922189729e-01 9.265383213984141469e-04
2.459467301931249909e+06 1.275772143335849318e-01 3.748110345263680736e-03
2.459467303013854194e+06 1.385031581319172422e-01 8.783402382640819904e-04
2.459467304095335770e+06 1.378974983471330518e-01 8.229279620144294791e-04
2.459467305176064838e+06 1.416300138964229904e-01 8.624839566611244932e-04
2.459467306304548401e+06 1.373404471366695967e-01 8.939192273418167765e-04
2.459467307435775641e+06 1.402385100313546518e-01 8.350138236133672950e-04
2.459467308532106690e+06 1.392949611137059007e-01 7.941624474119027234e-04
2.459467309615022969e+06 1.373731679160882790e-01 7.895697871352665284e-04
2.459467310699884314e+06 1.373504719454781697e-01 7.815413178979704976e-04
2.459467311784224585e+06 1.397108420463182843e-01 7.889924905958103658e-04
2.459467312865925953e+06 1.370177458844690499e-01 7.882088126515390380e-04
2.459467313949988224e+06 1.367869351491545205e-01 8.082926810183168860e-04
2.459467315033136401e+06 1.374192050155022549e-01 8.293953647286406508e-04
2.459467316119294148e+06 1.404744154611366480e-01 8.138172073321930716e-04
2.459467317203460727e+06 1.376652435624257653e-01 8.439941404317615262e-04
2.459467318288877141e+06 1.381654865867550930e-01 8.642741274574162027e-04
2.459467319414085709e+06 1.368125780151211723e-01 8.704240717444358720e-04
2.459467320534907281e+06 1.401645317975553362e-01 8.820651048466594769e-04
2.459467321617731359e+06 1.370525775314572758e-01 8.468234027671658849e-04
2.459467322700312361e+06 1.396176169181193305e-01 8.532170269349077275e-04
2.459467323812291492e+06 1.367394813333311088e-01 8.373450586406345304e-04
2.459467324932499789e+06 1.384130512069163821e-01 8.490457545408427705e-04
2.459467326014201157e+06 1.378637877081647922e-01 8.355582784004969088e-04
2.459467327099166811e+06 1.397067060844473518e-01 8.562602294709799420e-04
2.459467328182893340e+06 1.373096353114729717e-01 8.310663637799022398e-04
2.459467329264837783e+06 1.368154042099562762e-01 8.258805938638945571e-04
2.459467330347789451e+06 1.381835428082124340e-01 8.450598553303705508e-04
2.459467331438842695e+06 1.346848288906741797e-01 8.309369476282059408e-04
2.459467332521064673e+06 1.382459743873922231e-01 8.457676314324886341e-04
2.459467333605034743e+06 1.378750311766367975e-01 8.760350757790755574e-04
2.459467334685544018e+06 1.328554751724339011e-01 9.321353029180945307e-04
2.459467335778564680e+06 1.365257551867841146e-01 9.629652193497573046e-04
2.459467336863703560e+06 1.347803037123211645e-01 8.851167959956758678e-04
2.459467337947384454e+06 1.336106183263127412e-01 8.682135104748073392e-04
2.459467339029918890e+06 1.369241766860072873e-01 8.796610639258751248e-04
2.459467340113483835e+06 1.367988999765154812e-01 9.120160335886396590e-04
2.459467341194571927e+06 1.329098513505899415e-01 9.316391944677451320e-04
2.459467342281053308e+06 1.371154685443621013e-01 9.596907660768223347e-04
2.459467343370867893e+06 1.312719774664224126e-01 9.288131318018410468e-04
2.459467344454074278e+06 1.355390614185595088e-01 9.112399597036016305e-04
2.459467345537280198e+06 1.365961663955869154e-01 9.056934321221540895e-04
2.459467346620011609e+06 1.350259775548472707e-01 9.256885061775136725e-04
2.459467347702997737e+06 1.356100033087840329e-01 9.131846385071625515e-04
2.459467348785555456e+06 1.346350521061458194e-01 8.973515623902982930e-04
2.459467349868507124e+06 1.335682928938503322e-01 9.164266023896180295e-04
2.459467350951851811e+06 1.379297946717076284e-01 9.093073530980237337e-04
2.459467352036504541e+06 1.376213357587599551e-01 9.164250327590787700e-04
2.459467353166342713e+06 1.396797942332178299e-01 1.031095240994490741e-03
2.459467355333367828e+06 1.409958105789607674e-01 2.631821577189689173e-03
2.459467356414479204e+06 1.379515302530454346e-01 9.879140284950237248e-04
2.459467357498981524e+06 1.372452406051546947e-01 9.482119330302972481e-04
2.459467358590127435e+06 1.371834596901985170e-01 9.076606782156583508e-04
2.459467359672546387e+06 1.348994846208959597e-01 8.754113442802387421e-04
2.459467360752974637e+06 1.325645274268659746e-01 8.863566138318050829e-04
2.459467361838333309e+06 1.339940308209643383e-01 8.920521205732631284e-04
2.459467362921979278e+06 1.350954923570091282e-01 8.738015483194953902e-04
2.459467364002419170e+06 1.380202620707577099e-01 8.927715239074134317e-04
2.459467365084363613e+06 1.346169501745588803e-01 9.187946924087388645e-04
2.459467368395728990e+06 1.374737011317470059e-01 9.090174347992153233e-04
2.459467369479374960e+06 1.368988401042063041e-01 8.961999553469060520e-04
2.459467370561192278e+06 1.367638388625962986e-01 9.016258327927337279e-04
2.459467371696319431e+06 1.339220674599539973e-01 9.075376848603001253e-04
2.459467372815821785e+06 1.361469746976348982e-01 9.431937861776941738e-04
2.459467373898298480e+06 1.390700609994280912e-01 9.451728258480301351e-04
2.459467374979803339e+06 1.362023187414615755e-01 9.183216763937614678e-04
2.459467376064837910e+06 1.388832370191998844e-01 9.267803243491613396e-04
2.459467377148738597e+06 1.341828024786946294e-01 8.885685338084485692e-04
2.459467378232673742e+06 1.382486470449076910e-01 9.080209946780981849e-04
2.459467379320613574e+06 1.364462926649421537e-01 8.856621579578422866e-04
2.459467380507361144e+06 1.385964111914279040e-01 8.776206201071033242e-04
2.459467381589270663e+06 1.345289759212353886e-01 8.701632662744370394e-04
2.459467382672245614e+06 1.346115885896192466e-01 8.820699717313250452e-04
2.459467383766573854e+06 1.386707988822344362e-01 8.807689232396868299e-04
2.459467384875046089e+06 1.375120447949008395e-01 8.671147180093227800e-04
2.459467385977037251e+06 1.360154258705630614e-01 8.936102393060612725e-04
2.459467387060127221e+06 1.370617613464397977e-01 9.050804857159171950e-04
2.459467388144097291e+06 1.351812870305849346e-01 9.050737144508329670e-04
2.459467389227731619e+06 1.387514519594388041e-01 9.298987580125143764e-04
2.459467390318206046e+06 1.379486089736266519e-01 9.589140066103733285e-04
2.459467391499212943e+06 1.346939167629594147e-01 9.393263071448446988e-04
2.459467392579791602e+06 1.391898799636146211e-01 9.092018598060214087e-04
2.459467393667349592e+06 1.367842242988872303e-01 9.052653195699456338e-04
2.459467394751400687e+06 1.378682316353367632e-01 9.463925971570925477e-04
2.459467395834097173e+06 1.363109681530938755e-01 9.300183402622211890e-04
2.459467396913310047e+06 1.407784407237320234e-01 9.534722555034647615e-04
2.459467397996689659e+06 1.384232773246009962e-01 9.312909875972372620e-04
2.459467399073472247e+06 1.361603924488075934e-01 9.411940737468006734e-04
2.459467400154398289e+06 1.366952136790388905e-01 9.268403545235851405e-04
2.459467401234803256e+06 1.375709474501410901e-01 9.371764464591944436e-04
2.459467402313750237e+06 1.376788764073498261e-01 9.275288661702793275e-04
2.459467403393692337e+06 1.380526075402984942e-01 9.457273879728275235e-04
2.459467404472789261e+06 1.383993147826923786e-01 9.791253941611019387e-04
2.459467405553391203e+06 1.346029822939747433e-01 9.487210670643674319e-04
2.459467406631817110e+06 1.386853947704595191e-01 9.632557059400372133e-04
2.459467407711226959e+06 1.408773348772215661e-01 9.827304642942857622e-04
2.459467408792557660e+06 1.374245854984074144e-01 9.706013140985530205e-04
2.459467409880092368e+06 1.372294626409665819e-01 9.609022651169346141e-04
2.459467410961423535e+06 1.373260998237825770e-01 9.574479445946063602e-04
2.459467412041562609e+06 1.388289308431857882e-01 9.928503946982334977e-04
2.459467413124583196e+06 1.383535987517212351e-01 9.743913726122113922e-04
2.459467414205798414e+06 1.376486032385594027e-01 1.001918295344074580e-03
2.459467415286249947e+06 1.404954995280446317e-01 1.023152586544618693e-03
2.459467416373946704e+06 1.386324182882571476e-01 1.080191838962760035e-03
2.459467417450925801e+06 1.356136119029842380e-01 1.118918019922439345e-03
2.459467418530948926e+06 1.388312929631921877e-01 1.088502274447581504e-03
2.459467419612615835e+06 1.359837845532440026e-01 1.047949433193294446e-03
2.459467420695867855e+06 1.367297144731784986e-01 1.076116351715184979e-03
2.459467421787627507e+06 1.388086356907831387e-01 1.102812390054525244e-03
2.459467422870624810e+06 1.381676927761373574e-01 1.125379303866166740e-03
2.459467423948680516e+06 1.386456936459549982e-01 1.166501357247146271e-03
2.459467425030567218e+06 1.380283681267774898e-01 1.171287956005089351e-03
2.459467426110960543e+06 1.409695898606707631e-01 1.228566667251392323e-03
2.459467427191863302e+06 1.371409025117588110e-01 1.301539113301859426e-03
2.459467428274074104e+06 1.367621394423728931e-01 2.391381306979895212e-03
2.459467429359386675e+06 1.419999866564295166e-01 5.255049006981374164e-03
2.459467430439363234e+06 1.364783964600544408e-01 1.643888562681946426e-03
2.459467431525451131e+06 1.432385840010595157e-01 1.396486849924564056e-03
2.459467432603819296e+06 1.378884541565173483e-01 1.506939387366996660e-03
2.459467436552650295e+06 1.387794313470842034e-01 1.677446270564250013e-03
2.459467437658726703e+06 1.388320136651145786e-01 1.356362672273722647e-03
2.459467438740092795e+06 1.381483593556574463e-01 1.330591135787319648e-03
2.459467439821562730e+06 1.360573433477366700e-01 1.349401397876404856e-03
2.459467440901388880e+06 1.385954397328882925e-01 1.322085595625301872e-03
2.459467441998761613e+06 1.390967084861948200e-01 1.368105011109113514e-03
2.459467443098020740e+06 1.388667423383747324e-01 1.326681743533251372e-03
2.459467444221967366e+06 1.387165163468019879e-01 1.349408244623092907e-03
2.459467445299907587e+06 1.375281194665828044e-01 1.361339081415223777e-03
2.459467446378530003e+06 1.355273044444956498e-01 1.348013665437393458e-03
2.459467447459375020e+06 1.382868567109200308e-01 1.410579797588700944e-03
2.459467448539826553e+06 1.356028082435043747e-01 1.470436101342793194e-03
2.459467449621631764e+06 1.375988056812051941e-01 1.441098182629644729e-03
2.459467450703646056e+06 1.364175559235761004e-01 1.410133719484675443e-03
2.459467451814988628e+06 1.410260789800691916e-01 1.426936118143436183e-03
2.459467452893564943e+06 1.427377710596575699e-01 1.456031430067225747e-03
2.459467453976007178e+06 1.390663412322842574e-01 1.435566819993626701e-03
2.459467455055787228e+06 1.452436074937009658e-01 1.476443930020410319e-03
2.459467456135960761e+06 1.397804812349898729e-01 1.452931476211704589e-03
2.459467457220312674e+06 1.397832672223920658e-01 1.452378450587136875e-03
2.459467458320115693e+06 1.399968564353613332e-01 1.480547173831230469e-03
2.459467459398576524e+06 1.433934702830211017e-01 1.531497032280331122e-03
2.459467460481875110e+06 1.370573802340700198e-01 1.528125055018619187e-03
2.459467461579652969e+06 1.379677812678238580e-01 1.672599023904862339e-03
2.459467462688946631e+06 1.417488603317226814e-01 1.718009928379261864e-03
2.459467463771909475e+06 1.423997181610454354e-01 1.735336580869966143e-03
2.459467464865474496e+06 1.405405682634573716e-01 1.620646514761178237e-03
2.459467465967754833e+06 1.357586942665739982e-01 1.604001760453543750e-03
2.459467467048830818e+06 1.416740438725974938e-01 1.587432322782625447e-03
