2459394.420 6.753002 0.000337
2459394.424 5.943268 0.000365
2459394.429 7.135911 0.000437
2459394.441 6.610600 0.000387
2459394.446 6.539213 0.000382
2459394.451 6.652669 0.000392
2459394.455 6.463037 0.000392
2459394.460 7.019663 0.000393
2459394.465 7.617875 0.0004
2459394.469 6.679623 0.000401
2459394.474 6.941375 0.0004
2459394.479 6.762808 0.000403
2459394.483 6.934517 0.000404
2459394.488 7.426739 0.000409
2459394.493 6.491884 0.000409
2459394.498 7.061982 0.00042
2459394.502 6.932615 0.00043
2459394.507 6.610400 0.000437
2459394.512 7.061538 0.000432
2459394.516 7.281534 0.000436
2459394.521 6.773728 0.000453
2459394.526 6.725911 0.000452
2459394.530 6.933851 0.00046
2459394.535 6.623967 0.000479
2459394.544 7.016497 0.000559
2459394.549 7.178849 0.000642