2459415.4166319 0.45925 0.00206
2459415.4181250 0.45898 0.00209
2459415.4195718 0.46106 0.00212
2459415.4210301 0.45902 0.00211
2459415.4225463 0.45992 0.00212
2459415.4240046 0.46047 0.00208
2459415.4254977 0.46170 0.00207
2459415.4270139 0.45827 0.00205
2459415.4284722 0.45873 0.00204
2459415.4299190 0.46355 0.00210
2459415.4314468 0.46264 0.00207
2459415.4329398 0.46574 0.00201
2459415.4344329 0.46375 0.00207
2459415.4358796 0.46157 0.00204
2459415.4373611 0.45909 0.00207
2459415.4388542 0.45762 0.00203
2459415.4403125 0.45873 0.00206
2459415.4417593 0.45789 0.00208
2459415.4432523 0.46161 0.00202
2459415.4447801 0.46374 0.00201
2459415.4462731 0.45911 0.00202
2459415.4477662 0.45907 0.00203
2459415.4492824 0.45598 0.00202
2459415.4507755 0.45754 0.00199
2459415.4522338 0.45887 0.00207
2459415.4537269 0.45699 0.00199
2459415.4552431 0.46063 0.00205
2459415.4567014 0.45705 0.00200
2459415.4581597 0.46520 0.00205
2459415.4596528 0.45781 0.00194
2459415.4611227 0.45645 0.00199
2459415.4625694 0.45926 0.00197
2459415.4640278 0.46182 0.00199
2459415.4654861 0.46339 0.00195
2459415.4669676 0.46086 0.00195
2459415.4684491 0.46567 0.00197
2459415.4698958 0.45684 0.00195
2459415.4713889 0.46028 0.00198
2459415.4728704 0.46235 0.00196
2459415.4743634 0.46546 0.00193
2459415.4758218 0.46606 0.00194
2459415.4773148 0.47073 0.00195
2459415.4788310 0.47575 0.00188
2459415.4803241 0.47659 0.00190
2459415.4818171 0.46823 0.00190
2459415.4832755 0.47741 0.00185
2459415.4861806 0.47642 0.00187
2459415.4876736 0.47388 0.00186
2459415.4891319 0.47914 0.00186
2459415.4906481 0.47678 0.00188
2459415.4921181 0.47941 0.00187
2459415.4936111 0.47627 0.00185
2459415.4951042 0.47817 0.00177
2459415.4965856 0.48068 0.00181
2459415.4995370 0.48182 0.00182
2459415.5025231 0.47954 0.00179
2459415.5040162 0.47906 0.00176
2459415.5055093 0.48316 0.00175
2459415.5070023 0.47686 0.00172
2459415.5085185 0.48071 0.00172
2459415.5100116 0.48218 0.00171
2459415.5114699 0.47849 0.00171
2459415.5129514 0.47761 0.00170
2459415.5144676 0.47814 0.00171
2459415.5159722 0.47482 0.00166
2459415.5174653 0.48163 0.00169
2459415.5189583 0.48027 0.00166
2459415.5204167 0.47612 0.00166
2459415.5218634 0.47703 0.00165
2459415.5233565 0.47537 0.00165
2459415.5248495 0.47345 0.00167
2459415.5263310 0.47673 0.00170
2459415.5278241 0.46489 0.00166
2459415.5293171 0.47089 0.00166
2459415.5308102 0.46399 0.00167
2459415.5323380 0.46822 0.00168
2459415.5337847 0.46228 0.00166
2459415.5352431 0.46040 0.00166
2459415.5367014 0.45944 0.00163
2459415.5381829 0.45964 0.00166
2459415.5396644 0.45633 0.00167
2459415.5411111 0.46238 0.00169
2459415.5425694 0.45491 0.00169
2459415.5440509 0.45986 0.00166
2459415.5455093 0.46031 0.00165
2459415.5469560 0.45755 0.00166
2459415.5484491 0.45800 0.00170
2459415.5499306 0.46168 0.00169
2459415.5513889 0.45697 0.00170
2459415.5528356 0.45692 0.00170
2459415.5543403 0.45933 0.00169
2459415.5558565 0.45424 0.00173
2459415.5573495 0.45484 0.00171
2459415.5588426 0.46277 0.00170
2459415.5603356 0.45786 0.00173
2459415.5617824 0.45618 0.00172
2459415.5632639 0.45148 0.00172
2459415.5647222 0.45729 0.00173
2459415.5662153 0.45419 0.00176
2459415.5676968 0.46133 0.00177
2459415.5691898 0.46540 0.00178
2459415.5706829 0.46081 0.00177
2459415.5721759 0.46272 0.00179
2459415.5736921 0.46232 0.00180
2459415.5751852 0.46355 0.00177
2459415.5766435 0.46419 0.00180
2459415.5780903 0.46251 0.00179
2459415.5795486 0.45983 0.00180
2459415.5824884 0.45932 0.00179
